99
40
-0.199279 -0.208606
-0.258839 0.150750
0.173733 -0.251386
-0.063320 0.430649
-0.433409 -0.437024
-0.439167 0.443126
0.431736 -0.437103
0.432510 -0.067236
-0.021974 -0.171484
-0.274263 -0.038305
-0.319381 0.328369
0.332306 -0.188191
-0.317991 -0.335288
-0.135791 -0.367800
0.252541 -0.359812
-0.149171 0.239683
0.041294 -0.371530
0.403885 -0.353894
-0.148046 0.401600
-0.150383 0.021927
-0.359088 -0.182480
-0.370946 0.189057
0.199662 -0.144825
-0.372015 0.047526
0.050129 -0.099909
-0.240680 -0.410245
-0.042103 -0.308609
0.132286 -0.413978
-0.366005 0.416605
0.342845 -0.088531
0.310434 -0.290273
-0.216526 0.306665
-0.415165 -0.361427
-0.068927 0.351346
0.354615 -0.432009
-0.072415 0.262486
-0.125800 -0.098166
-0.132461 0.119955
-0.048024 -0.415595
-0.418564 -0.035329
-0.258120 0.408972
0.411068 -0.246515
-0.263200 -0.135933
-0.284820 0.052819
-0.386831 -0.272849
0.048009 -0.275862
-0.128851 -0.265149
-0.416210 0.336394
0.238770 -0.215844
-0.294718 0.233932
0.122761 -0.158242
-0.219622 -0.304307
-0.351413 -0.423905
0.244294 -0.075596
-0.410412 0.112282
0.152612 -0.079567
-0.157656 -0.441621
0.130436 -0.314006
0.419771 -0.148201
0.209164 -0.412115
0.057186 -0.443287
-0.130696 0.312592
0.318915 -0.372742
-0.440421 0.045026
-0.187558 -0.057536
-0.291648 -0.239810
-0.076861 0.044879
-0.051538 -0.095441
-0.427035 -0.137739
-0.432622 0.243672
-0.335436 0.121456
-0.192108 0.085804
-0.110285 -0.172012
0.215544 -0.297885
-0.218016 0.219534
-0.347685 -0.090310
0.050998 -0.195331
-0.087051 0.170111
0.012527 -0.432286
0.271405 -0.142168
-0.366535 0.266517
0.272638 -0.429242
0.169726 -0.199951
-0.110630 -0.430987
-0.430220 0.399049
-0.340058 -0.012568
-0.098994 -0.030736
-0.218258 0.013100
-0.177923 -0.134525
-0.434881 -0.218563
0.188005 -0.359111
-0.172639 0.164706
-0.062371 -0.230558
-0.442773 0.169163
-0.314889 0.174210
-0.127173 0.075231
-0.084526 0.102270
0.115566 -0.231997
-0.005965 -0.236114
-0.500000 -0.500000
0.500000 -0.500000
0.500000 0.000000
0.000000 0.000000
0.000000 0.500000
-0.500000 0.500000
-0.400000 -0.500000
-0.300000 -0.500000
-0.200000 -0.500000
-0.100000 -0.500000
0.000000 -0.500000
0.100000 -0.500000
0.200000 -0.500000
0.300000 -0.500000
0.400000 -0.500000
0.500000 -0.400000
0.500000 -0.300000
0.500000 -0.200000
0.500000 -0.100000
0.400000 0.000000
0.300000 0.000000
0.200000 0.000000
0.100000 0.000000
0.000000 0.100000
0.000000 0.200000
0.000000 0.300000
0.000000 0.400000
-0.100000 0.500000
-0.200000 0.500000
-0.300000 0.500000
-0.400000 0.500000
-0.500000 0.400000
-0.500000 0.300000
-0.500000 0.200000
-0.500000 0.100000
-0.500000 0.000000
-0.500000 -0.100000
-0.500000 -0.200000
-0.500000 -0.300000
-0.500000 -0.400000
236
118 102 8
122 103 25
139 100 5
114 101 7
126 104 4
26 108 57
109 110 39
5 106 53
39 110 79
28 112 60
60 112 82
113 114 35
7 115 18
18 116 42
116 117 42
8 119 30
119 120 30
130 105 6
25 103 68
43 1 89
106 107 53
103 123 67
52 1 66
67 123 97
124 125 36
125 126 34
4 127 19
19 128 41
129 130 29
6 131 85
131 132 48
108 109 57
100 106 5
110 111 61
48 132 70
132 133 70
33 5 53
107 108 26
70 133 94
55 134 64
134 135 64
40 136 69
30 120 54
54 121 56
104 127 4
127 128 19
136 137 69
69 137 90
105 131 6
135 136 40
101 115 7
115 116 18
102 119 8
121 122 56
50 2 75
111 112 28
47 1 52
77 9 99
128 129 41
29 6 85
42 117 59
117 118 59
47 27 93
138 139 33
49 3 74
45 13 66
118 8 59
114 7 35
44 2 71
126 4 34
58 3 98
60 15 91
25 9 77
31 18 42
130 6 29
29 11 41
75 2 92
123 124 78
44 10 88
139 5 33
76 10 86
32 11 50
27 17 46
31 12 49
43 10 76
68 103 87
73 37 89
77 46 98
26 14 52
57 109 84
43 21 66
27 14 39
112 113 82
46 17 58
50 11 81
16 32 75
120 121 54
49 12 80
58 28 91
31 15 63
32 16 62
32 19 41
26 13 53
33 13 45
4 19 34
34 19 62
7 18 35
35 18 63
19 32 62
125 34 36
72 20 96
9 25 68
65 20 88
36 16 78
28 17 61
17 27 39
137 138 90
44 24 86
129 29 41
11 32 41
30 12 59
12 31 42
69 21 76
65 43 89
71 2 95
55 24 71
1 43 66
138 33 45
51 23 56
93 27 99
14 27 47
68 37 73
133 134 94
11 29 48
54 23 80
15 31 74
70 22 81
78 16 92
51 25 77
49 23 83
13 26 52
14 47 52
107 26 53
13 33 53
122 25 56
12 30 80
40 24 64
24 44 71
25 51 56
23 54 56
14 26 57
39 14 84
17 28 58
83 51 98
8 30 59
12 42 59
74 58 91
63 15 82
111 28 61
61 17 79
36 34 62
16 36 62
18 31 63
113 35 82
135 40 64
24 55 64
10 43 65
72 44 88
21 45 66
13 52 66
67 20 87
78 38 97
65 37 87
20 65 87
24 40 86
45 21 90
11 48 81
55 22 94
50 22 95
22 55 71
96 67 97
2 44 72
1 47 73
9 68 73
31 49 74
3 58 74
32 50 75
72 38 92
21 43 76
40 69 76
27 46 99
46 58 98
124 36 78
2 72 92
17 39 79
110 61 79
23 49 80
30 54 80
22 50 81
48 70 81
15 60 82
35 63 82
3 49 83
23 51 83
109 39 84
14 57 84
48 29 85
131 48 85
10 44 86
40 76 86
103 67 87
37 68 87
10 65 88
20 72 88
37 65 89
1 73 89
138 45 90
21 69 90
28 60 91
15 74 91
16 75 92
38 78 92
73 47 93
9 73 93
134 55 94
22 70 94
2 50 95
22 71 95
20 67 96
38 72 96
123 78 97
38 96 97
51 77 98
3 83 98
46 77 99
9 93 99
